0.6	5.269850382	1.056880408
0.601	5.264289453	1.05306009
0.602	5.259831917	1.049620562
0.603	5.254300659	1.046192496
0.604	5.249772985	1.043562841
0.605	5.244355621	1.040082935
0.606	5.238381685	1.037885024
0.607	5.23310996	1.034205307
0.608	5.227491351	1.032498135
0.609	5.222665916	1.028342371
0.61	5.217360373	1.026458953
0.611	5.210661407	1.023907588
0.612	5.205055414	1.021384815
0.613	5.198345743	1.01958735
0.614	5.19423612	1.015039859
0.615	5.19111333	1.01032676
0.616	5.187975461	1.005075168
0.617	5.183689901	1.000404016
0.618	5.178356474	0.996794928
0.619	5.172997848	0.993983085
0.62	5.167568213	0.990266391
0.621	5.163492885	0.987324985
0.622	5.157889525	0.983821714
0.623	5.15411835	0.979680329
0.624	5.148326617	0.975510282
0.625	5.144906401	0.970979129
0.626	5.141084495	0.966520086
0.627	5.13723999	0.961045157
0.628	5.132594071	0.957587674
0.629	5.125661748	0.955115867
0.63	5.118671497	0.952556614
0.631	5.11071849	0.950064751
0.632	5.102493108	0.947639475
0.633	5.096653132	0.944320549
0.634	5.090767643	0.940830445
0.635	5.085277849	0.938809797
0.636	5.079699495	0.935156002
0.637	5.073976107	0.933308659
0.638	5.067733716	0.93005475
0.639	5.061864661	0.928455796
0.64	5.053503209	0.926849292
0.641	5.045342973	0.926140753
0.642	5.038167364	0.924346895
0.643	5.030910629	0.923827035
0.644	5.023689402	0.922258704
0.645	5.016443582	0.923021081
0.646	5.009117375	0.923462678
0.647	5.001994553	0.925642896
0.648	4.993503976	0.927844997
0.649	4.984065371	0.930059914
0.65	4.974255122	0.932276316
0.651	4.963901678	0.93537589
0.652	4.952279597	0.940145473
0.653	4.940290622	0.944281351
0.654	4.927919192	0.949643708
0.655	4.916712527	0.954050945
0.656	4.904603954	0.960050768
0.657	4.892873513	0.968645602
0.658	4.880238783	0.977153937
0.659	4.86568591	0.98521923
0.66	4.85011427	0.994286596
0.661	4.835740413	1.003247331
0.662	4.821043753	1.01412512
0.663	4.807636354	1.025862503
0.664	4.794097617	1.038782662
0.665	4.780516708	1.053425465
0.666	4.766898493	1.068061488
0.667	4.754464703	1.083823152
0.668	4.74178965	1.100771953
0.669	4.730394648	1.117226045
0.67	4.719089318	1.134819798
0.671	4.70820771	1.152539007
0.672	4.698755084	1.170896322
0.673	4.689528029	1.191329686
0.674	4.682570347	1.210962901
0.675	4.67741928	1.23079703
0.676	4.675069884	1.251048003
0.677	4.673960783	1.269617482
0.678	4.673949173	1.287210301
0.679	4.675898231	1.30568743
0.68	4.679253265	1.322195265
0.681	4.686403838	1.337855366
0.682	4.695436473	1.350678907
0.683	4.705537419	1.362682705
0.684	4.715253612	1.37157273
0.685	4.728636701	1.377253032
0.686	4.744263862	1.380652875
0.687	4.76070704	1.38123006
0.688	4.779613375	1.377681437
0.689	4.798773327	1.370236124
0.69	4.818599132	1.359440253
0.691	4.838008905	1.343808106
0.692	4.858954652	1.323711362
0.693	4.876420549	1.301375544
0.694	4.89542271	1.273531537
0.695	4.916506259	1.245856583
0.696	4.936087901	1.215922548
0.697	4.954903669	1.184156462
0.698	4.974012039	1.152905361
0.699	4.991233831	1.118465236
0.7	5.007301707	1.084102586
0.701	5.023791256	1.048813428
0.702	5.038785522	1.012730647
0.703	5.049042119	0.977377632
0.704	5.05685542	0.944859653
0.705	5.063368601	0.91348757
0.706	5.06958507	0.885735115
0.707	5.07603583	0.855885574
0.708	5.081016527	0.824498498
0.709	5.080667374	0.796582597
0.71	5.078651197	0.770223719
0.711	5.073548384	0.746331691
0.712	5.067287047	0.724867317
0.713	5.059467273	0.701224052
0.714	5.047579457	0.681434797
0.715	5.03456196	0.659790783
0.716	5.019108421	0.640833369
0.717	5.002151472	0.623138407
0.718	4.983306482	0.607445745
0.719	4.963954634	0.592572158
0.72	4.940251713	0.576823375
0.721	4.916747703	0.56200349
0.722	4.889974479	0.548636115
0.723	4.864166016	0.536969034
0.724	4.836838063	0.526272535
0.725	4.80797343	0.51675817
0.726	4.774382931	0.508435245
0.727	4.738673771	0.501228354
0.728	4.700323675	0.494162843
0.729	4.663875464	0.488207364
0.73	4.625573417	0.483292583
0.731	4.582972424	0.479150487
0.732	4.537043822	0.476371383
0.733	4.487958961	0.473613707
0.734	4.436812771	0.471599973
0.735	4.381070782	0.472573145
0.736	4.319781425	0.476127757
0.737	4.251589566	0.482419317
0.738	4.175610408	0.491011631
0.739	4.092557262	0.498878985
0.74	4.003448994	0.507018852
0.741	3.904442122	0.516927446
0.742	3.79047719	0.530714071
0.743	3.659250426	0.551976453
0.744	3.500270971	0.582696736
0.745	3.306092753	0.624986318
0.746	3.065010632	0.686549929
0.747	2.755873528	0.782940022
0.748	2.350302307	0.945938513
0.749	1.812190914	1.27903906
0.75	1.256467016	1.948550468
0.751	0.921514036	2.896616854
0.752	0.768567857	3.993026297
0.753	0.727961071	5.33785299
0.754	0.831270452	7.238229737
0.755	1.420521175	10.68572794
0.756	10.11572009	21.0654843
0.757	15.02660271	2.031802698
0.758	10.89069288	0.746725829
0.759	9.248744546	0.505540719
0.76	8.343903982	0.428929575
0.761	7.762396344	0.402148468
0.762	7.355190839	0.394835478
0.763	7.054173653	0.396863812
0.764	6.821158865	0.404276771
0.765	6.635634005	0.415127482
0.766	6.484759912	0.42866849
0.767	6.360578127	0.443907582
0.768	6.256929549	0.460464491
0.769	6.169372183	0.477582306
0.77	6.095152343	0.497176939
0.771	6.033776868	0.516912727
0.772	5.984361415	0.538520198
0.773	5.946276498	0.557504626
0.774	5.917079732	0.575777735
0.775	5.89661042	0.592340499
0.776	5.883634686	0.606473021
0.777	5.878529404	0.619586492
0.778	5.880622456	0.627210472
0.779	5.890215158	0.631498362
0.78	5.905966015	0.63112945
0.781	5.926245643	0.625628635
0.782	5.950106373	0.616186728
0.783	5.975286332	0.602022095
0.784	6.000699832	0.583595942
0.785	6.026051858	0.55979796
0.786	6.047920222	0.534214656
0.787	6.065080037	0.50795827
0.788	6.081887274	0.480611663
0.789	6.095298239	0.453715515
0.79	6.109086105	0.423189084
0.791	6.12024568	0.389214832
0.792	6.127114229	0.355026479
0.793	6.131218518	0.322270356
0.794	6.129754129	0.290593906
0.795	6.125292167	0.260448353
0.796	6.115723398	0.233825156
0.797	6.106982791	0.207478936
0.798	6.094059852	0.183937723
0.799	6.079038426	0.160438064
0.8	6.064938012	0.13999996
