0.6	5.25880552	1.059058614
0.601	5.253140773	1.055252746
0.602	5.248580488	1.051827673
0.603	5.242942939	1.048415124
0.604	5.238310193	1.045801942
0.605	5.232783773	1.042337713
0.606	5.226699185	1.040158776
0.607	5.22131544	1.036494584
0.608	5.215584188	1.034807574
0.609	5.210644065	1.030666325
0.61	5.205223146	1.028802899
0.611	5.198403507	1.026271571
0.612	5.192677501	1.023768186
0.613	5.185844248	1.021992978
0.614	5.181612562	1.017459479
0.615	5.178368017	1.012759228
0.616	5.175106079	1.007519376
0.617	5.170692481	1.002862478
0.618	5.165227613	0.999271272
0.619	5.159736234	0.996479456
0.62	5.154170774	0.992780938
0.621	5.149961571	0.989858521
0.622	5.144217955	0.986374582
0.623	5.140308275	0.982249388
0.624	5.13437074	0.978097634
0.625	5.130808103	0.973581712
0.626	5.126840564	0.969138653
0.627	5.122847023	0.963677248
0.628	5.118049597	0.960239568
0.629	5.110958177	0.957792817
0.63	5.103805922	0.955258821
0.631	5.095685606	0.952793795
0.632	5.087289365	0.95039625
0.633	5.081281361	0.947100408
0.634	5.07522466	0.943633277
0.635	5.069563461	0.941639751
0.636	5.063808676	0.93800882
0.637	5.057907366	0.93619019
0.638	5.051480777	0.932961821
0.639	5.045427271	0.931393409
0.64	5.036870374	0.92982083
0.641	5.028512792	0.929149392
0.642	5.021138032	0.927388707
0.643	5.013679742	0.926906794
0.644	5.006252045	0.925373661
0.645	4.998798687	0.926179593
0.646	4.991260362	0.926664633
0.647	4.983924307	0.928894779
0.648	4.975211776	0.931149699
0.649	4.965543641	0.933419861
0.65	4.955498045	0.93569322
0.651	4.944903857	0.938854918
0.652	4.933033969	0.943695892
0.653	4.920789927	0.947903065
0.654	4.908158597	0.953343584
0.655	4.896689673	0.957825526
0.656	4.884312406	0.963909382
0.657	4.872313292	0.972599884
0.658	4.85940067	0.981207455
0.659	4.844555682	0.989376006
0.66	4.828683277	0.998555265
0.661	4.814006984	1.00762843
0.662	4.799003531	1.018630378
0.663	4.785289915	1.030496612
0.664	4.771440199	1.043554528
0.665	4.75754501	1.058346538
0.666	4.743605765	1.073135973
0.667	4.730851901	1.08905788
0.668	4.717851593	1.106177285
0.669	4.706129327	1.122801515
0.67	4.694492907	1.140575166
0.671	4.683275534	1.158478762
0.672	4.673488419	1.177024959
0.673	4.663926208	1.197661693
0.674	4.656635256	1.217493708
0.675	4.651153166	1.237527774
0.676	4.648480562	1.257977842
0.677	4.647042335	1.276739201
0.678	4.646696555	1.294520341
0.679	4.648316067	1.313188857
0.68	4.65133455	1.329878137
0.681	4.658156867	1.345707585
0.682	4.66685312	1.358683626
0.683	4.676611305	1.370835803
0.684	4.685962696	1.379862716
0.685	4.69897928	1.385654038
0.686	4.714233489	1.389148103
0.687	4.730287359	1.389804205
0.688	4.74879207	1.386305962
0.689	4.767526375	1.378890544
0.69	4.786906144	1.368104971
0.691	4.805837799	1.352457954
0.692	4.826285382	1.332315394
0.693	4.84321082	1.309931685
0.694	4.861647941	1.282000091
0.695	4.882164315	1.254229275
0.696	4.901146054	1.224187696
0.697	4.919334151	1.192301614
0.698	4.937800525	1.1609292
0.699	4.954338826	1.126348441
0.7	4.969695385	1.091844209
0.701	4.985452189	1.056400342
0.702	4.999677984	1.020155752
0.703	5.009108896	0.984653585
0.704	5.01605856	0.952007879
0.705	5.021670869	0.92051409
0.706	5.026961422	0.892663078
0.707	5.032447238	0.862691682
0.708	5.036409383	0.831167128
0.709	5.034964949	0.803150084
0.71	5.031797407	0.776701182
0.711	5.025472124	0.752742949
0.712	5.01792931	0.731232145
0.713	5.008748152	0.707519999
0.714	4.995404024	0.687704233
0.715	4.980842004	0.666012137
0.716	4.963747038	0.647035038
0.717	4.945049653	0.629332906
0.718	4.924354161	0.613656308
0.719	4.903045214	0.59880619
0.72	4.877216266	0.583078378
0.721	4.851465455	0.568286346
0.722	4.822267905	0.554971706
0.723	4.79390061	0.5433758
0.724	4.763827594	0.532767994
0.725	4.732012749	0.523365082
0.726	4.695192352	0.515189524
0.727	4.655985272	0.508160151
0.728	4.613824949	0.501290119
0.729	4.573307716	0.495551718
0.73	4.530572106	0.49089151
0.731	4.483071696	0.48705087
0.732	4.43173736	0.484636441
0.733	4.376665398	0.482282776
0.734	4.318895932	0.4807312
0.735	4.255735798	0.482312347
0.736	4.186068138	0.486644795
0.737	4.108320857	0.493937024
0.738	4.021345992	0.503798957
0.739	3.925560501	0.513145602
0.74	3.821653629	0.523061576
0.741	3.705116975	0.535249442
0.742	3.569909361	0.552192368
0.743	3.41254473	0.578150535
0.744	3.220162325	0.616305201
0.745	2.981933363	0.670988629
0.746	2.680666688	0.755487071
0.747	2.286905335	0.900888792
0.748	1.774274277	1.183752677
0.749	1.219699823	1.769328342
0.75	0.856932934	2.605037447
0.751	0.666019911	3.546168751
0.752	0.561597294	4.624924483
0.753	0.513695209	5.985551681
0.754	0.542167586	7.960972405
0.755	0.834020252	11.67170534
0.756	7.681027344	27.6335804
0.757	16.25753542	1.186601811
0.758	11.51676383	0.485636517
0.759	9.708197327	0.371130175
0.76	8.715997759	0.343210419
0.761	8.078272641	0.34059564
0.762	7.631012854	0.347200947
0.763	7.299637274	0.35805596
0.764	7.042696356	0.371437652
0.765	6.83773184	0.386526476
0.766	6.67069076	0.403183102
0.767	6.532802869	0.42079119
0.768	6.417366057	0.439192783
0.769	6.319552024	0.457787069
0.77	6.236298225	0.478541373
0.771	6.166864338	0.499248589
0.772	6.110176027	0.521652427
0.773	6.065483637	0.541384925
0.774	6.030262913	0.560332758
0.775	6.004262976	0.577533465
0.776	5.986196423	0.592286485
0.777	5.976364278	0.60598944
0.778	5.974070927	0.614245448
0.779	5.979561253	0.619174364
0.78	5.991481776	0.619469244
0.781	6.008193937	0.614653336
0.782	6.028728059	0.605896378
0.783	6.05082507	0.592419264
0.784	6.073383715	0.574674229
0.785	6.096090174	0.551563272
0.786	6.115528983	0.526625679
0.787	6.130464182	0.500964915
0.788	6.145188657	0.474182473
0.789	6.156672916	0.447801921
0.79	6.168646673	0.41779273
0.791	6.17812166	0.384331388
0.792	6.183434389	0.350621695
0.793	6.186086057	0.31830131
0.794	6.183289143	0.287022124
0.795	6.177584217	0.257238157
0.796	6.16687187	0.230926064
0.797	6.157035301	0.204875251
0.798	6.143098861	0.181591535
0.799	6.127126916	0.15833727
0.8	6.112110254	0.138111857
